                       1 
                       4 
                       8 
                       17 
                       24 
                       24 
                       38 
                       39 
                       42 
                       44 
                       47 
                       48 
                       49 
                       51 
                       52 
                       53 
                       55 
                       57 
                       59 
                       67 
